#Mon May 20 19:39:34 CST 2024
BoardUnitLocationSet=03132333021222320111213100102030
currentStepNumber=0
Score0=0
Score1=0
Score10=52
Score11=52
Score12=52
Score13=56
Score14=64
Score15=72
Score16=88
Score17=92
Score18=92
Score19=100
Score2=0
Score20=104
Score21=112
Score22=120
Score23=140
Score24=188
Score25=188
Score26=224
Score27=288
Score28=296
Score29=296
Score3=12
Score30=304
Score31=304
Score32=324
Score33=324
Score34=332
Score35=340
Score36=340
Score37=340
Score38=360
Score39=376
Score4=12
Score40=384
Score41=384
Score42=384
Score43=388
Score44=388
Score45=392
Score46=408
Score47=428
Score48=428
Score49=468
Score5=12
Score50=492
Score51=524
Score52=532
Score53=532
Score54=532
Score55=532
Score56=540
Score57=556
Score58=560
Score59=568
Score6=12
Score60=584
Score61=588
Score62=588
Score63=660
Score64=788
Score65=808
Score66=848
Score67=856
Score68=864
Score69=864
Score7=24
Score70=864
Score8=40
Score9=48
Step0=0 0 2 4 0 0 0 0 0 0 0 0 0 0 0 0 
Step1=0 0 0 0 0 0 0 0 2 0 0 0 0 0 2 4 
Step10=0 0 0 0 0 0 0 0 4 0 0 0 8 16 2 4 
Step11=4 16 2 4 8 4 0 0 0 0 0 0 0 0 0 0 
Step12=0 0 0 0 0 0 0 0 4 16 2 0 8 4 2 4 
Step13=0 2 0 0 0 0 0 0 4 16 0 0 8 4 4 4 
Step14=2 0 4 0 0 0 0 0 4 16 0 0 8 8 4 0 
Step15=0 0 2 0 2 0 0 0 4 16 0 0 8 8 8 0 
Step16=2 0 0 0 2 0 2 0 4 16 0 0 16 8 0 0 
Step17=0 0 0 4 4 0 0 0 4 16 0 0 16 8 2 0 
Step18=4 0 0 0 4 0 0 0 4 16 0 4 16 8 2 0 
Step19=0 0 0 0 4 0 0 0 8 16 2 0 16 8 2 4 
Step2=0 4 0 0 0 0 0 0 2 0 0 0 2 4 0 0 
Step20=4 0 0 0 4 0 0 0 8 16 0 0 16 8 4 4 
Step21=4 0 0 0 4 2 0 0 8 16 0 0 16 8 8 0 
Step22=0 0 0 0 8 2 2 0 8 16 0 0 16 8 8 0 
Step23=0 0 0 0 8 4 0 0 8 16 0 0 16 16 0 2 
Step24=0 0 0 0 0 0 0 0 16 4 0 2 16 32 0 2 
Step25=0 0 0 0 0 0 2 0 16 4 2 0 16 32 2 0 
Step26=0 4 0 0 0 0 0 0 0 4 2 0 32 32 4 0 
Step27=4 4 0 0 0 0 0 0 4 2 0 0 64 4 0 0 
Step28=4 0 0 0 0 4 0 0 8 2 0 0 64 4 0 0 
Step29=4 0 0 0 4 0 0 2 8 2 0 0 64 4 0 0 
Step3=0 0 2 0 0 0 0 0 0 0 0 0 4 8 0 0 
Step30=0 0 0 0 8 0 2 0 8 2 0 0 64 4 0 2 
Step31=0 2 0 0 8 2 0 0 8 2 0 0 64 4 2 0 
Step32=0 0 0 0 0 2 4 0 16 4 0 0 64 4 2 0 
Step33=0 0 0 0 2 4 0 0 16 4 0 2 64 4 2 0 
Step34=0 0 0 0 2 2 0 0 16 4 0 0 64 8 2 2 
Step35=0 0 0 0 4 0 0 0 16 4 0 0 64 8 4 2 
Step36=4 4 4 2 16 8 0 0 64 0 0 0 0 0 2 0 
Step37=0 0 0 0 4 0 0 4 16 4 4 0 64 8 2 2 
Step38=0 0 0 0 8 0 0 0 16 8 0 4 64 8 4 0 
Step39=0 0 0 2 8 0 0 0 16 0 0 0 64 16 4 4 
Step4=2 0 0 0 0 0 0 4 0 0 0 0 4 8 0 0 
Step40=2 0 0 0 8 0 0 0 16 0 2 0 64 16 8 0 
Step41=2 0 0 0 8 0 0 2 16 2 0 0 64 16 8 0 
Step42=2 0 2 0 8 0 0 0 16 2 0 0 64 16 8 2 
Step43=4 0 4 0 8 0 0 0 16 2 0 0 64 16 8 2 
Step44=4 0 0 0 8 2 0 0 16 2 4 0 64 16 8 2 
Step45=4 0 4 0 8 0 0 0 16 4 4 0 64 16 8 2 
Step46=8 0 0 0 8 0 0 0 16 8 0 2 64 16 8 2 
Step47=0 4 0 0 16 0 0 0 16 8 0 0 64 16 8 4 
Step48=4 0 0 0 16 0 0 0 16 8 0 4 64 16 8 4 
Step49=0 0 0 0 4 0 0 4 32 8 0 0 64 16 8 8 
Step5=0 0 0 0 0 0 0 2 2 0 0 0 4 8 0 4 
Step50=0 0 0 0 8 0 0 0 32 8 4 0 64 16 16 0 
Step51=0 0 0 0 8 0 4 0 32 8 4 0 64 32 0 0 
Step52=0 0 0 0 8 0 0 0 32 8 0 2 64 32 8 0 
Step53=0 0 0 4 8 0 0 0 32 8 2 0 64 32 8 0 
Step54=0 0 4 0 8 0 0 0 32 8 2 0 64 32 8 4 
Step55=4 0 0 4 8 0 0 0 32 8 2 0 64 32 8 4 
Step56=4 0 0 2 8 0 0 0 32 8 2 0 64 32 8 8 
Step57=4 2 0 0 8 0 2 0 32 8 2 0 64 32 16 0 
Step58=4 0 4 0 8 2 0 0 32 8 4 0 64 32 16 0 
Step59=8 0 0 0 8 2 2 0 32 8 4 0 64 32 16 0 
Step6=0 0 4 0 2 0 0 0 2 0 0 0 4 8 4 0 
Step60=4 0 0 0 16 2 2 0 32 8 4 0 64 32 16 0 
Step61=4 0 0 0 16 4 0 0 32 8 4 0 64 32 16 2 
Step62=4 4 4 2 16 8 16 0 32 32 0 0 64 0 4 0 
Step63=8 4 2 0 16 8 16 0 64 2 0 0 64 4 0 0 
Step64=0 4 2 0 8 8 0 0 16 2 2 0 128 4 16 0 
Step65=4 2 0 0 16 0 4 0 16 4 0 0 128 4 16 0 
Step66=0 0 0 0 4 4 0 0 32 2 4 0 128 8 16 0 
Step67=0 0 0 0 8 0 4 0 32 2 4 0 128 8 16 0 
Step68=0 0 0 0 8 0 0 0 32 2 8 2 128 8 16 0 
Step69=0 0 0 0 8 0 4 0 32 2 8 0 128 8 16 2 
Step7=0 0 0 0 0 0 0 0 4 0 0 0 4 8 8 2 
Step70=0 4 0 0 8 4 0 0 32 2 8 0 128 8 16 2 
Step8=2 0 0 0 0 0 0 0 4 0 0 0 4 16 2 0 
Step9=0 0 0 0 2 0 0 0 2 0 0 0 8 16 2 0 
TargetScore=58
WhetherWon=true
currentStepNumber=70
