#Mon May 20 19:36:36 CST 2024
BoardUnitLocationSet=03132333021222320111213100102030
CurrentStepNumber=0
Score0=0
Score1=0
Score10=8
Score11=16
Score12=24
Score13=32
Score14=56
Score15=60
Score16=84
Score17=120
Score18=128
Score19=128
Score2=0
Score20=128
Score21=128
Score22=136
Score23=136
Score24=144
Score25=160
Score26=160
Score27=164
Score28=172
Score29=176
Score3=0
Score30=176
Score31=184
Score32=184
Score33=188
Score34=196
Score35=212
Score36=220
Score37=224
Score38=248
Score39=280
Score4=0
Score40=280
Score41=344
Score42=348
Score43=352
Score44=352
Score45=352
Score46=372
Score47=388
Score48=440
Score49=444
Score5=0
Score50=452
Score51=460
Score52=480
Score53=512
Score54=512
Score55=576
Score56=584
Score57=728
Score58=744
Score59=744
Score6=8
Score60=752
Score61=760
Score62=776
Score63=776
Score64=780
Score65=788
Score66=808
Score67=816
Score68=820
Score69=828
Score7=8
Score70=828
Score71=828
Score72=836
Score73=840
Score74=840
Score75=840
Score76=848
Score77=848
Score8=8
Score9=8
Step0=0 0 0 0 0 0 2 0 4 0 0 0 0 0 0 0 
Step1=0 0 0 0 0 0 2 0 0 0 0 0 4 0 2 0 
Step10=0 2 0 0 4 2 2 0 2 4 8 0 4 2 2 4 
Step11=2 0 0 0 4 4 0 0 2 4 8 4 4 4 4 0 
Step12=2 0 0 4 4 0 0 0 2 4 8 0 4 8 4 4 
Step13=2 4 0 0 4 0 4 0 2 4 8 0 4 8 8 0 
Step14=2 0 0 2 4 0 0 0 2 8 4 0 4 8 16 0 
Step15=4 0 0 0 4 0 2 0 2 8 4 0 4 8 16 0 
Step16=0 0 0 0 8 0 2 2 2 0 4 0 4 16 16 0 
Step17=0 0 0 2 8 4 0 0 2 4 0 0 4 32 0 0 
Step18=0 0 0 4 8 0 0 0 2 8 0 0 4 32 0 2 
Step19=4 0 0 0 8 0 0 0 2 8 0 0 4 32 2 4 
Step2=0 0 4 0 2 0 0 0 0 0 0 0 4 2 0 0 
Step20=4 8 2 4 8 32 4 0 2 0 0 0 4 0 0 0 
Step21=4 0 0 0 8 0 4 0 2 8 2 0 4 32 4 4 
Step22=4 0 0 0 8 4 0 2 2 8 2 0 4 32 8 0 
Step23=4 0 0 4 8 4 0 0 2 8 2 0 4 32 8 2 
Step24=8 2 0 0 8 4 0 0 2 8 2 0 4 32 8 2 
Step25=0 2 0 0 16 4 2 0 2 8 2 0 4 32 8 2 
Step26=2 0 4 0 16 4 2 0 2 8 2 0 4 32 8 2 
Step27=2 0 0 0 16 4 4 0 2 8 4 2 4 32 8 2 
Step28=0 4 0 2 0 0 16 8 2 8 4 2 4 32 8 2 
Step29=0 4 0 0 0 4 16 2 2 8 4 8 4 32 8 4 
Step3=0 0 0 0 0 0 0 0 2 0 0 4 4 2 4 0 
Step30=4 0 4 0 4 16 2 0 2 8 4 8 4 32 8 4 
Step31=0 0 4 2 8 16 2 0 2 8 4 8 4 32 8 4 
Step32=4 2 0 0 8 16 2 2 2 8 4 8 4 32 8 4 
Step33=4 2 0 2 8 16 4 0 2 8 4 8 4 32 8 4 
Step34=4 2 2 0 8 16 0 2 2 8 8 8 4 32 8 4 
Step35=4 2 2 2 8 16 16 8 2 8 0 4 4 32 0 4 
Step36=4 2 0 0 8 16 2 2 2 8 2 8 4 32 16 8 
Step37=4 2 4 0 8 16 4 0 2 8 2 8 4 32 16 8 
Step38=4 2 4 0 8 16 8 0 2 8 2 0 4 32 16 16 
Step39=4 2 4 0 8 16 8 2 2 8 2 0 4 32 32 0 
Step4=0 0 0 0 0 0 0 4 2 4 0 0 4 2 4 0 
Step40=4 2 4 2 8 16 8 0 2 8 2 0 4 32 32 2 
Step41=4 2 4 2 8 16 8 0 2 8 2 2 4 64 2 0 
Step42=4 2 4 2 8 16 8 0 2 8 4 2 4 64 2 0 
Step43=4 2 4 2 8 16 8 0 2 8 4 0 4 64 2 4 
Step44=4 2 4 0 8 16 8 4 2 8 4 2 4 64 2 4 
Step45=4 2 4 4 8 16 8 2 2 8 4 4 4 64 2 2 
Step46=4 2 8 0 8 16 8 2 2 8 8 2 4 64 4 0 
Step47=4 2 8 0 8 16 8 2 2 16 2 0 4 64 4 2 
Step48=4 2 0 0 8 2 16 0 2 32 2 0 4 64 4 4 
Step49=4 0 2 0 8 4 16 0 2 32 2 0 4 64 4 4 
Step5=0 0 4 0 0 0 0 0 2 4 0 0 4 2 4 4 
Step50=0 0 4 2 0 8 4 16 0 2 32 2 2 4 64 8 
Step51=0 0 0 2 0 8 8 16 2 2 32 2 2 4 64 8 
Step52=0 4 0 2 0 0 16 16 0 4 32 2 2 4 64 8 
Step53=0 0 4 2 0 0 2 32 0 4 32 2 2 4 64 8 
Step54=4 2 0 0 2 32 0 2 4 32 2 0 2 4 64 8 
Step55=4 0 2 0 2 2 0 0 4 64 2 2 2 4 64 8 
Step56=0 2 4 2 0 0 0 4 0 4 64 4 2 4 64 8 
Step57=0 0 0 4 0 0 0 2 0 2 4 8 2 8 128 8 
Step58=0 0 0 0 0 0 0 4 4 2 4 2 2 8 128 16 
Step59=0 0 0 4 4 0 0 0 4 2 4 2 2 8 128 16 
Step6=4 0 0 0 0 0 0 4 2 4 0 0 4 2 8 0 
Step60=0 0 0 0 4 0 0 4 8 2 4 2 2 8 128 16 
Step61=0 0 0 0 8 0 0 4 8 2 4 2 2 8 128 16 
Step62=0 2 0 0 0 0 0 4 16 2 4 2 2 8 128 16 
Step63=2 2 0 0 4 0 0 0 16 2 4 2 2 8 128 16 
Step64=2 0 0 0 4 0 2 0 16 4 4 2 2 8 128 16 
Step65=2 0 2 0 4 2 0 0 16 8 2 0 2 8 128 16 
Step66=2 0 0 0 4 0 4 0 16 2 4 0 2 16 128 16 
Step67=2 0 0 0 8 2 0 0 16 2 4 0 2 16 128 16 
Step68=2 0 0 0 8 0 0 0 16 4 4 4 2 16 128 16 
Step69=2 2 0 0 8 0 0 0 16 8 4 0 2 16 128 16 
Step7=0 0 0 0 4 0 0 2 2 4 0 0 4 2 8 4 
Step70=2 4 0 0 8 2 0 0 16 8 4 0 2 16 128 16 
Step71=2 4 4 16 8 2 128 0 16 8 0 2 2 16 0 0 
Step72=2 8 16 0 8 2 128 0 16 8 2 0 2 16 2 0 
Step73=2 8 0 4 8 2 16 0 16 8 128 0 2 16 4 0 
Step74=2 8 4 0 8 2 16 0 16 8 128 4 2 16 4 0 
Step75=2 8 4 0 8 2 16 2 16 8 128 0 2 16 4 4 
Step76=2 8 4 0 8 2 16 2 16 8 128 4 2 16 8 0 
Step77=2 8 4 0 8 2 16 4 16 8 128 2 2 16 8 4 
Step8=0 0 0 0 4 2 0 0 2 4 2 0 4 2 8 4 
Step9=4 2 2 4 2 4 8 0 4 2 0 0 0 0 2 0 
TargetScore=58
WhetherWon=true
currentStepNumber=77
