#Sun May 19 13:16:40 CST 2024
BoardUnitLocationSet=03132333021222320111213100102030
Step0=0 0 0 0 0 0 0 0 0 0 0 0 2 0 0 4 
Step1=0 0 0 0 0 0 0 0 0 2 0 0 2 4 0 0 
Step10=0 0 0 0 2 0 0 2 4 2 4 0 16 2 0 0 
Step11=0 0 0 0 2 0 0 0 4 0 0 2 16 4 4 2 
Step12=0 0 0 0 2 2 0 0 4 2 0 0 16 8 2 0 
Step13=0 0 0 0 2 2 0 0 4 4 0 0 16 8 2 0 
Step14=0 0 0 0 4 0 0 0 8 4 0 0 16 8 2 0 
Step15=4 4 2 0 8 8 2 0 16 0 0 0 0 0 0 0 
Step16=0 0 0 0 4 0 0 0 8 4 4 0 16 8 4 0 
Step17=0 0 2 0 4 0 0 0 8 8 0 0 16 8 4 0 
Step18=0 0 0 0 4 0 0 0 8 0 2 0 16 16 4 2 
Step19=0 0 0 0 4 4 0 0 8 2 0 0 32 4 2 0 
Step2=0 0 0 0 0 0 0 0 2 0 0 0 2 4 0 2 
Step20=0 0 0 0 8 0 2 0 8 2 0 0 32 4 2 0 
Step21=0 4 0 0 0 0 0 0 16 2 0 0 32 4 4 0 
Step22=4 0 0 0 0 0 0 0 16 2 4 0 32 8 0 0 
Step23=0 0 0 0 4 2 0 0 16 2 0 0 32 8 4 0 
Step24=0 0 0 0 4 0 0 2 16 4 0 0 32 8 4 0 
Step25=0 0 0 0 4 2 0 0 16 4 0 4 32 8 4 0 
Step26=0 0 0 4 4 2 0 0 16 4 0 0 32 8 4 4 
Step27=4 0 0 0 4 2 0 0 16 4 0 0 32 8 8 4 
Step28=0 2 0 0 8 2 0 0 16 4 0 0 32 8 8 4 
Step29=2 0 0 2 8 2 0 0 16 4 0 0 32 16 4 0 
Step3=0 0 0 0 0 0 0 0 0 4 0 0 4 4 0 2 
Step30=2 0 0 0 8 2 0 0 16 4 4 0 32 16 4 2 
Step31=2 0 0 0 8 2 0 0 16 8 0 2 32 16 4 2 
Step32=2 0 0 0 8 2 0 0 16 8 4 0 32 16 4 4 
Step33=2 0 2 0 8 2 0 0 16 8 4 0 32 16 8 0 
Step34=2 0 0 0 8 2 2 0 16 8 4 0 32 16 8 4 
Step35=2 2 0 0 8 4 0 0 16 8 4 0 32 16 8 4 
Step36=4 0 0 0 8 4 0 4 16 8 4 0 32 16 8 4 
Step37=4 0 0 0 8 4 0 2 16 8 4 0 32 16 8 8 
Step38=4 0 0 2 8 4 2 0 16 8 4 0 32 16 16 0 
Step39=4 0 0 0 8 4 2 2 16 8 4 0 32 16 16 2 
Step4=0 0 0 0 0 0 0 0 4 2 0 0 8 2 0 0 
Step40=4 0 0 0 8 4 4 4 16 8 4 0 32 32 2 0 
Step41=4 0 0 0 8 4 0 4 16 8 8 0 32 32 2 4 
Step42=4 0 0 0 8 8 4 0 16 16 0 0 64 2 4 0 
Step43=4 2 0 0 16 4 0 0 32 0 0 0 64 2 4 0 
Step44=4 0 0 0 16 2 0 0 32 4 4 0 64 2 4 0 
Step45=4 0 0 0 16 2 0 2 32 8 0 0 64 2 4 0 
Step46=4 0 0 4 16 2 0 0 32 8 0 0 64 2 4 2 
Step47=8 0 0 0 16 2 2 0 32 8 0 0 64 2 4 2 
Step48=8 0 0 4 16 2 0 0 32 8 2 0 64 2 4 2 
Step49=8 4 4 0 16 2 0 0 32 8 2 0 64 2 4 2 
Step5=0 0 0 0 0 0 0 0 4 2 0 0 8 4 0 0 
Step50=8 4 0 0 16 2 4 2 32 8 2 0 64 2 4 2 
Step51=8 4 0 0 16 2 4 4 32 8 2 0 64 2 4 4 
Step52=8 4 4 8 16 2 2 2 32 8 4 0 64 2 0 0 
Step53=8 8 8 0 16 4 2 4 32 8 4 0 64 2 0 0 
Step54=8 8 0 0 16 4 8 0 32 8 2 4 64 2 4 4 
Step6=4 2 0 0 8 4 0 0 0 0 0 0 0 0 0 4 
Step7=0 0 0 0 0 0 0 2 4 2 0 0 8 4 0 4 
Step8=0 0 0 0 2 0 0 0 4 2 2 0 8 8 0 0 
Step9=0 0 0 0 2 0 0 0 4 2 0 4 8 8 2 0 
