#Sun May 19 18:52:08 CST 2024
BoardUnitLocationSet=03132333021222320111213100102030
Score0=0
Score1=0
Score10=52
Score11=56
Score12=56
Score13=60
Score14=60
Score15=68
Score16=76
Score17=100
Score18=116
Score19=152
Score2=0
Score20=152
Score21=156
Score22=164
Score23=164
Score24=164
Score25=188
Score26=220
Score27=292
Score28=300
Score29=316
Score3=8
Score30=324
Score31=324
Score32=324
Score33=340
Score34=388
Score35=388
Score36=396
Score37=412
Score38=412
Score39=420
Score4=12
Score40=424
Score41=428
Score42=444
Score43=460
Score5=12
Score6=20
Score7=28
Score8=44
Score9=44
Step0=0 0 0 0 0 0 0 0 0 0 2 0 0 0 4 0 
Step1=0 0 0 0 0 0 4 0 2 0 0 0 4 0 0 0 
Step10=0 0 0 0 4 0 0 0 8 0 0 0 16 8 2 2 
Step11=0 0 0 0 4 2 0 0 8 0 0 0 16 8 4 0 
Step12=0 0 0 0 4 0 0 0 8 2 2 0 16 8 4 0 
Step13=0 0 0 0 4 0 0 4 8 4 0 0 16 8 4 0 
Step14=4 0 0 0 4 0 0 0 8 4 0 0 16 8 4 4 
Step15=4 0 0 0 4 0 4 0 8 4 0 0 16 8 8 0 
Step16=0 0 2 0 8 0 0 0 8 4 4 0 16 8 8 0 
Step17=2 0 0 0 8 0 0 0 8 8 0 4 16 16 0 0 
Step18=0 0 0 0 2 2 0 0 16 8 0 0 16 16 0 4 
Step19=0 2 0 0 4 0 0 0 16 8 0 0 32 4 0 0 
Step2=0 0 0 0 0 2 0 0 2 0 0 0 4 0 4 0 
Step20=2 0 0 2 0 0 0 4 0 0 16 8 0 0 32 4 
Step21=4 0 0 0 4 0 0 0 16 8 0 2 32 4 0 0 
Step22=0 0 4 0 8 0 0 0 16 8 0 0 32 4 0 2 
Step23=0 0 0 4 0 0 4 8 0 0 16 8 0 32 4 2 
Step24=4 0 0 0 4 8 4 0 16 8 0 0 32 4 2 0 
Step25=0 0 0 0 8 0 0 4 16 16 4 0 32 4 2 0 
Step26=0 0 4 0 8 4 0 0 32 4 0 0 32 4 2 0 
Step27=0 0 0 0 4 0 0 0 8 4 4 0 64 8 2 0 
Step28=0 4 0 0 4 0 0 0 8 8 0 0 64 8 2 0 
Step29=4 0 0 0 4 0 0 0 16 0 0 4 64 8 2 0 
Step3=0 0 0 0 2 0 0 0 2 0 0 0 8 4 0 0 
Step30=0 2 0 0 8 0 0 0 16 0 0 0 64 8 2 4 
Step31=2 0 0 0 8 0 0 0 16 4 0 0 64 8 2 4 
Step32=2 4 2 4 8 8 0 0 16 0 0 0 64 0 0 4 
Step33=2 4 2 4 16 0 0 4 16 0 0 0 64 4 0 0 
Step34=0 0 0 0 2 0 0 0 32 0 4 0 64 8 2 8 
Step35=0 0 0 0 2 0 0 0 32 4 4 0 64 8 2 8 
Step36=0 0 0 0 2 0 0 0 32 8 0 4 64 8 2 8 
Step37=0 0 0 4 2 0 0 0 32 0 0 4 64 16 2 8 
Step38=4 0 0 0 2 0 0 0 32 4 4 0 64 16 2 8 
Step39=4 0 2 0 2 0 0 0 32 8 0 0 64 16 2 8 
Step4=0 0 0 4 0 0 0 0 4 0 0 0 8 4 0 0 
Step40=4 0 0 0 2 0 2 0 32 8 0 0 64 16 4 8 
Step41=4 0 0 0 4 0 4 0 32 8 0 0 64 16 4 8 
Step42=0 0 0 0 8 0 0 0 32 8 0 4 64 16 8 8 
Step43=0 0 0 0 8 0 2 0 32 8 4 0 64 16 16 0 
Step5=4 0 0 0 0 0 4 0 4 0 0 0 8 4 0 0 
Step6=0 0 0 0 4 0 0 0 8 0 0 0 8 4 4 0 
Step7=0 0 0 0 4 0 0 2 8 0 0 0 8 8 0 0 
Step8=0 0 0 0 0 4 0 0 4 0 0 0 16 8 0 2 
Step9=0 0 0 0 4 0 0 0 4 0 0 0 16 8 2 2 
TargetScore=23
WhetherWon=true
