#Mon May 20 19:34:58 CST 2024
BoardUnitLocationSet=03132333021222320111213100102030
CurrentStepNumber=0
Score0=0
Score1=0
Score10=44
Score11=44
Score12=44
Score13=52
Score14=72
Score15=120
Score16=120
Score17=124
Score18=128
Score19=136
Score2=4
Score20=160
Score21=176
Score22=176
Score23=176
Score24=176
Score25=180
Score26=180
Score27=180
Score28=180
Score29=188
Score3=12
Score30=192
Score31=200
Score32=204
Score33=204
Score34=228
Score35=264
Score36=272
Score37=340
Score38=348
Score39=360
Score4=12
Score40=376
Score41=428
Score42=436
Score43=436
Score44=444
Score45=448
Score46=448
Score47=448
Score48=448
Score49=448
Score5=12
Score50=456
Score51=456
Score52=464
Score53=472
Score54=504
Score55=504
Score6=20
Score7=20
Score8=36
Score9=44
Step0=0 4 0 0 0 0 2 0 0 0 0 0 0 0 0 0 
Step1=4 0 0 0 2 0 0 0 2 0 0 0 0 0 0 0 
Step10=0 0 0 0 2 0 0 0 8 0 4 0 16 2 4 2 
Step11=0 0 0 4 2 0 0 0 8 4 0 0 16 2 4 2 
Step12=0 0 0 4 2 0 0 0 8 4 0 4 16 2 4 2 
Step13=4 0 0 0 2 2 0 0 8 8 0 0 16 2 4 2 
Step14=4 0 0 0 4 0 4 0 16 0 0 0 16 2 4 2 
Step15=0 0 0 0 0 2 0 0 8 0 0 0 32 2 8 2 
Step16=0 0 0 0 2 0 0 0 8 0 0 2 32 2 8 2 
Step17=0 0 0 0 2 0 0 2 8 0 0 0 32 2 8 4 
Step18=0 0 0 4 4 0 0 0 8 0 0 0 32 2 8 4 
Step19=0 0 0 0 4 4 0 0 8 0 0 0 32 2 8 8 
Step2=0 0 0 0 0 0 0 0 0 0 0 4 0 4 4 0 
Step20=0 0 0 0 8 0 0 0 8 0 0 0 32 2 16 2 
Step21=0 0 0 0 0 0 2 0 16 0 0 0 32 2 16 2 
Step22=0 0 4 0 2 0 0 0 16 0 0 0 32 2 16 2 
Step23=0 0 0 2 2 0 0 0 16 0 4 0 32 2 16 2 
Step24=2 0 0 4 2 0 0 0 16 4 0 0 32 2 16 2 
Step25=0 0 0 0 4 0 0 0 16 4 2 4 32 2 16 2 
Step26=4 4 2 4 16 2 16 2 32 0 0 0 0 0 4 0 
Step27=0 0 4 0 4 0 2 0 16 4 16 4 32 2 4 2 
Step28=4 0 0 0 4 2 2 0 16 4 16 4 32 2 4 2 
Step29=0 0 0 4 8 2 2 0 16 4 16 4 32 2 4 2 
Step3=0 2 0 0 0 0 0 0 4 0 0 0 8 0 0 0 
Step30=4 0 2 0 8 4 0 0 16 4 16 4 32 2 4 2 
Step31=4 0 0 0 8 2 2 0 16 8 16 4 32 2 4 2 
Step32=4 0 0 0 8 4 2 0 16 8 16 4 32 2 4 2 
Step33=4 4 2 4 8 8 16 2 16 2 4 0 32 0 0 2 
Step34=8 2 4 2 16 16 2 0 16 2 4 0 32 2 0 0 
Step35=4 0 0 0 8 2 4 0 32 16 2 0 32 4 4 2 
Step36=4 0 0 0 8 2 4 4 32 16 2 0 32 8 2 0 
Step37=0 4 0 0 4 2 0 0 8 16 4 0 64 8 4 4 
Step38=4 2 0 0 4 2 0 0 8 16 4 0 64 8 8 0 
Step39=0 0 0 0 8 4 0 0 8 16 4 2 64 8 8 0 
Step4=0 0 0 0 0 0 4 0 4 0 0 0 8 2 0 0 
Step40=0 0 0 2 8 4 0 0 8 16 4 2 64 16 0 0 
Step41=0 0 0 0 0 2 0 0 16 4 0 0 64 32 4 4 
Step42=4 0 0 0 2 0 0 0 16 4 0 0 64 32 8 0 
Step43=4 4 8 0 2 32 0 0 16 2 0 0 64 0 0 0 
Step44=8 8 0 0 2 32 0 0 16 2 0 0 64 2 0 0 
Step45=8 0 0 2 2 8 0 0 16 32 0 0 64 4 0 0 
Step46=8 2 0 0 2 8 0 0 16 32 0 4 64 4 0 0 
Step47=8 2 0 0 2 8 0 0 16 32 0 0 64 4 2 4 
Step48=8 2 2 4 2 8 4 0 16 32 0 0 64 4 0 0 
Step49=8 2 0 4 2 8 0 0 16 32 2 0 64 4 4 4 
Step5=4 0 0 0 4 0 0 0 4 0 0 0 8 2 0 0 
Step50=8 2 4 0 2 8 0 0 16 32 2 4 64 8 4 0 
Step51=8 2 0 4 2 8 4 0 16 32 2 0 64 8 4 4 
Step52=8 2 4 0 2 8 4 0 16 32 2 0 64 8 8 4 
Step53=8 2 4 0 2 8 8 0 16 32 2 0 64 8 8 4 
Step54=8 2 4 0 2 16 0 2 16 32 2 0 64 16 4 0 
Step55=8 2 4 0 2 16 4 0 16 32 2 0 64 16 4 2 
Step6=0 2 0 0 4 0 0 0 8 0 0 0 8 2 0 0 
Step7=2 0 0 0 4 4 0 0 8 0 0 0 8 2 0 0 
Step8=0 0 0 0 2 0 0 0 4 4 0 0 16 2 0 4 
Step9=0 0 0 2 2 0 0 0 8 0 0 0 16 2 4 0 
TargetScore=76
WhetherWon=false
currentStepNumber=1
