#Sun May 19 18:38:50 CST 2024
BoardUnitLocationSet=03132333021222320111213100102030
Score0=0
Score1=0
Score10=52
Score11=56
Score12=56
Score13=56
Score14=68
Score15=76
Score16=96
Score17=96
Score18=132
Score19=140
Score2=0
Score20=140
Score21=140
Score22=144
Score23=144
Score24=144
Score25=148
Score26=156
Score27=156
Score28=176
Score29=184
Score3=4
Score30=192
Score31=208
Score32=208
Score33=212
Score34=220
Score35=224
Score36=236
Score37=260
Score38=292
Score39=300
Score4=8
Score40=364
Score41=380
Score42=380
Score43=384
Score44=392
Score45=392
Score46=408
Score47=440
Score48=448
Score49=460
Score5=16
Score50=460
Score51=464
Score52=472
Score53=480
Score54=496
Score55=528
Score56=528
Score57=540
Score58=540
Score59=548
Score6=16
Score60=564
Score61=568
Score62=572
Score63=580
Score64=604
Score65=628
Score66=628
Score67=628
Score68=636
Score69=636
Score7=16
Score70=732
Score71=860
Score8=28
Score9=44
Step0=0 0 0 4 0 0 0 0 0 0 0 2 0 0 0 0 
Step1=0 0 0 0 2 0 0 0 0 0 0 4 0 0 0 2 
Step10=2 0 0 0 0 0 2 0 0 0 0 0 16 8 2 0 
Step11=0 0 0 0 0 0 0 0 2 0 0 0 16 8 4 2 
Step12=2 8 4 2 16 0 0 0 0 0 0 0 0 0 0 4 
Step13=4 0 0 0 0 0 0 0 2 0 0 2 16 8 4 4 
Step14=4 2 0 0 0 0 0 0 4 0 0 0 16 8 8 0 
Step15=0 0 0 0 0 0 0 0 8 2 2 0 16 8 8 0 
Step16=0 0 0 2 0 0 0 0 8 4 0 0 16 16 0 0 
Step17=0 0 0 0 0 0 0 0 8 4 0 0 16 16 2 2 
Step18=0 0 0 2 0 0 0 0 8 4 0 0 32 4 0 0 
Step19=0 0 0 0 2 0 0 0 8 0 0 0 32 8 0 2 
Step2=0 0 0 0 0 0 0 0 2 0 0 4 2 0 0 2 
Step20=0 0 0 0 2 0 0 0 8 0 0 2 32 8 2 0 
Step21=0 0 0 0 2 0 4 0 8 0 0 0 32 8 2 2 
Step22=0 0 0 0 2 4 0 0 8 0 0 0 32 8 4 2 
Step23=0 4 0 0 2 0 0 0 8 4 0 0 32 8 4 2 
Step24=4 0 0 0 2 0 0 0 8 4 0 2 32 8 4 2 
Step25=4 2 0 0 2 0 0 0 8 4 0 0 32 8 4 4 
Step26=4 2 0 0 2 0 2 0 8 4 0 0 32 8 8 0 
Step27=4 0 2 0 2 2 0 0 8 4 2 0 32 8 8 0 
Step28=4 2 4 0 4 0 0 0 8 4 2 0 32 16 0 0 
Step29=0 0 0 0 8 2 0 0 8 4 4 0 32 16 2 4 
Step3=0 0 0 0 0 0 0 0 0 0 0 4 4 0 2 2 
Step30=0 0 0 0 8 2 0 2 8 8 0 0 32 16 2 4 
Step31=0 0 4 0 0 2 0 0 16 8 0 2 32 16 2 4 
Step32=4 0 2 0 2 0 0 0 16 8 2 0 32 16 2 4 
Step33=4 0 2 0 2 0 0 0 16 8 2 0 32 16 4 4 
Step34=4 2 0 0 2 0 2 0 16 8 2 0 32 16 8 0 
Step35=4 0 0 0 2 2 0 0 16 8 4 4 32 16 8 0 
Step36=4 0 0 4 4 0 0 0 16 8 8 0 32 16 8 0 
Step37=0 0 4 0 8 0 0 0 16 8 0 0 32 16 16 4 
Step38=4 0 0 0 8 0 0 0 16 8 4 0 32 32 4 0 
Step39=4 2 0 0 8 0 0 0 16 8 0 0 32 32 8 0 
Step4=0 0 0 2 0 0 0 0 4 0 0 0 4 4 0 0 
Step40=4 2 0 0 8 0 0 0 16 8 0 0 64 8 2 0 
Step41=4 0 0 0 8 0 0 4 16 2 0 0 64 16 2 0 
Step42=4 0 0 0 8 4 0 0 16 2 2 0 64 16 2 0 
Step43=4 0 0 0 8 4 0 4 16 2 0 0 64 16 4 0 
Step44=4 0 0 2 8 8 0 0 16 2 0 0 64 16 4 0 
Step45=4 0 0 0 8 8 4 0 16 2 0 0 64 16 4 2 
Step46=4 0 0 0 16 4 0 0 16 2 0 4 64 16 4 2 
Step47=0 2 0 0 4 4 0 0 32 2 0 4 64 16 4 2 
Step48=2 0 0 0 8 0 0 2 32 2 4 0 64 16 4 2 
Step49=2 4 0 0 8 0 0 0 32 2 0 0 64 16 8 4 
Step5=0 0 0 4 0 0 0 0 0 0 0 0 8 4 0 2 
Step50=2 0 0 0 8 4 0 0 32 2 2 0 64 16 8 4 
Step51=2 0 0 0 8 4 0 0 32 4 4 0 64 16 8 4 
Step52=2 0 0 0 8 0 0 0 32 8 4 4 64 16 8 4 
Step53=2 4 0 0 8 0 0 0 32 8 8 0 64 16 8 4 
Step54=2 0 0 0 8 4 0 0 32 8 2 0 64 16 16 4 
Step55=2 0 0 4 8 4 0 0 32 8 2 0 64 32 4 0 
Step56=2 0 0 2 8 4 0 0 32 8 2 0 64 32 4 4 
Step57=4 0 0 0 8 4 0 2 32 8 2 0 64 32 8 0 
Step58=4 0 0 0 8 4 0 4 32 8 2 0 64 32 8 2 
Step59=4 0 0 0 8 8 4 0 32 8 2 0 64 32 8 2 
Step6=4 0 0 0 0 0 0 0 0 0 0 0 8 4 2 2 
Step60=4 0 0 0 8 0 4 0 32 16 2 2 64 32 8 2 
Step61=4 0 0 0 8 4 0 0 32 16 4 2 64 32 8 2 
Step62=4 4 0 0 8 4 0 0 32 16 4 0 64 32 8 4 
Step63=8 0 0 4 8 4 0 0 32 16 4 0 64 32 8 4 
Step64=0 0 0 0 16 4 4 0 32 16 4 0 64 32 8 8 
Step65=0 0 0 4 16 8 0 0 32 16 4 0 64 32 16 0 
Step66=4 0 0 0 16 8 0 0 32 16 4 0 64 32 16 4 
Step67=4 8 4 4 16 16 16 4 32 32 0 0 64 0 0 0 
Step68=4 0 0 0 16 8 2 0 32 16 4 0 64 32 16 8 
Step69=4 8 2 8 16 16 4 0 32 32 16 4 64 0 0 0 
Step7=0 0 0 0 0 0 0 0 4 0 0 4 8 4 2 2 
Step70=4 8 2 8 32 4 0 0 64 16 4 0 64 0 2 0 
Step71=0 0 0 0 4 8 2 0 32 4 4 2 128 16 2 8 
Step8=0 0 0 2 0 0 0 0 8 0 0 0 8 4 4 0 
Step9=2 0 0 0 0 0 0 0 0 0 0 0 16 4 4 2 
TargetScore=67
WhetherWon=false
