#Tue May 21 10:17:00 CST 2024
BoardUnitLocationSet=03132333021222320111213100102030
CurrentStepNumber=35
Score0=0
Score1=0
Score10=40
Score11=52
Score12=76
Score13=76
Score14=76
Score15=76
Score16=84
Score17=84
Score18=96
Score19=112
Score2=0
Score20=112
Score21=116
Score22=116
Score23=124
Score24=128
Score25=152
Score26=188
Score27=188
Score28=188
Score29=196
Score3=0
Score30=212
Score31=216
Score32=260
Score33=268
Score34=276
Score35=276
Score4=0
Score5=8
Score6=8
Score7=24
Score8=40
Score9=40
Step0=0 0 0 0 0 0 4 0 0 0 0 0 0 2 0 0 
Step1=0 0 0 0 4 0 0 0 0 0 0 0 2 0 0 4 
Step10=2 2 4 4 4 8 0 0 16 0 0 0 2 0 0 0 
Step11=4 8 0 0 4 8 0 0 16 0 0 0 2 0 4 0 
Step12=0 0 0 4 8 0 0 0 16 0 0 0 2 16 4 0 
Step13=4 0 0 0 8 0 0 0 16 2 0 0 2 16 4 0 
Step14=4 2 4 0 8 16 0 4 16 0 0 0 2 0 0 0 
Step15=4 2 4 0 8 16 4 0 16 0 0 4 2 0 0 0 
Step16=4 0 0 0 8 0 0 0 16 2 4 0 2 16 8 4 
Step17=4 2 4 4 8 16 8 0 16 0 0 0 2 2 0 0 
Step18=2 4 2 8 0 8 16 8 0 0 0 16 0 0 0 4 
Step19=0 0 0 0 0 0 0 16 2 4 2 16 2 8 16 4 
Step2=0 0 0 0 4 0 0 0 0 4 0 0 2 4 0 0 
Step20=0 0 0 4 16 0 0 0 2 4 2 16 2 8 16 4 
Step21=0 0 2 0 0 0 0 4 16 4 2 16 4 8 16 4 
Step22=2 4 0 0 4 0 0 0 16 4 2 16 4 8 16 4 
Step23=2 0 0 2 4 0 0 0 16 8 2 16 4 8 16 4 
Step24=4 2 0 0 4 0 0 0 16 8 2 16 4 8 16 4 
Step25=0 0 4 0 8 0 0 0 16 2 2 16 4 16 16 4 
Step26=4 0 0 0 8 0 0 0 16 4 16 2 4 32 4 0 
Step27=4 2 0 0 8 0 0 0 16 4 16 0 4 32 4 2 
Step28=4 0 0 4 8 2 0 0 16 4 16 0 4 32 4 2 
Step29=8 0 0 0 8 2 2 0 16 4 16 0 4 32 4 2 
Step3=0 0 0 0 4 0 0 2 4 0 0 0 2 4 0 0 
Step30=4 0 0 0 16 2 2 0 16 4 16 0 4 32 4 2 
Step31=4 0 0 2 16 4 0 0 16 4 16 0 4 32 4 2 
Step32=0 0 4 0 4 0 0 0 32 8 16 0 4 32 4 4 
Step33=4 2 0 0 4 0 0 0 32 8 16 0 4 32 8 0 
Step34=0 0 0 0 8 2 0 0 32 8 16 2 4 32 8 0 
Step35=0 0 0 0 8 2 4 0 32 8 16 0 4 32 8 2 
Step4=0 0 0 0 4 2 0 0 4 0 0 4 2 4 0 0 
Step5=0 0 0 0 4 2 0 0 8 0 0 0 2 4 0 4 
Step6=0 0 0 0 4 4 0 0 8 2 0 0 2 4 0 4 
Step7=0 0 0 0 8 0 0 0 8 2 0 0 2 8 4 0 
Step8=0 0 0 0 0 0 4 0 16 2 0 0 2 8 4 0 
Step9=2 0 0 0 4 0 0 0 16 2 0 0 2 8 4 0 
TargetScore=56
WhetherWon=false
