#Sun May 19 23:16:42 CST 2024
BoardUnitLocationSet=03132333021222320111213100102030
Score0=0
Score1=0
Score10=52
Score11=72
Score12=80
Score13=112
Score14=120
Score15=120
Score16=120
Score17=120
Score18=124
Score19=132
Score2=0
Score20=140
Score21=172
Score22=172
Score23=172
Score24=184
Score25=184
Score26=184
Score27=192
Score28=208
Score29=244
Score3=12
Score30=252
Score31=252
Score32=256
Score33=256
Score34=256
Score35=320
Score36=332
Score37=348
Score38=364
Score39=368
Score4=12
Score40=380
Score41=380
Score42=380
Score43=384
Score44=384
Score45=392
Score46=412
Score47=444
Score48=444
Score49=444
Score5=20
Score50=452
Score51=452
Score52=456
Score53=464
Score54=468
Score55=476
Score6=44
Score7=44
Score8=44
Score9=44
Step0=0 0 0 0 0 0 0 2 4 0 0 0 0 0 0 0 
Step1=0 0 0 0 0 0 0 0 0 4 0 0 4 0 0 2 
Step10=0 0 2 0 8 0 0 0 8 0 0 0 16 4 2 0 
Step11=4 0 0 0 0 0 0 0 16 0 0 0 16 4 4 0 
Step12=4 0 0 0 0 0 0 0 16 0 0 0 16 8 4 0 
Step13=0 0 0 0 0 0 0 0 4 0 0 4 32 8 4 0 
Step14=0 0 0 2 0 0 0 0 8 0 0 0 32 8 4 0 
Step15=2 0 0 0 0 0 0 0 8 0 0 0 32 8 4 2 
Step16=0 0 0 0 2 0 0 0 8 0 4 0 32 8 4 2 
Step17=0 0 0 2 2 0 0 0 8 4 0 0 32 8 4 2 
Step18=0 0 0 0 2 0 0 0 8 4 2 0 32 8 4 4 
Step19=0 0 0 0 2 4 0 0 8 4 2 0 32 8 8 0 
Step2=0 0 0 0 0 0 0 0 4 2 0 0 4 2 0 0 
Step20=0 0 0 0 2 0 4 0 8 8 2 0 32 8 8 0 
Step21=0 0 0 0 2 4 0 0 16 2 0 0 32 16 0 2 
Step22=0 0 0 0 2 4 0 0 16 2 4 0 32 16 2 0 
Step23=2 4 4 0 16 2 2 0 32 16 0 0 2 0 0 0 
Step24=2 8 0 0 16 4 2 0 32 16 0 0 2 0 0 0 
Step25=2 0 0 0 16 8 4 0 32 4 0 0 2 16 2 0 
Step26=2 0 4 0 16 8 0 0 32 4 4 0 2 16 2 0 
Step27=2 4 0 4 16 8 0 0 32 8 0 0 2 16 2 0 
Step28=2 0 2 0 16 4 0 0 32 16 0 0 2 16 2 4 
Step29=2 4 4 4 16 32 2 0 32 0 0 0 2 0 0 0 
Step3=0 0 0 0 0 4 0 0 0 0 0 0 8 4 0 0 
Step30=2 8 4 4 16 32 2 0 32 0 0 0 2 0 0 0 
Step31=2 0 2 0 16 0 0 0 32 8 4 0 2 32 2 4 
Step32=4 0 0 0 16 0 0 0 32 8 4 2 2 32 2 4 
Step33=4 8 4 2 16 32 2 4 32 4 0 0 2 0 0 0 
Step34=4 0 2 0 16 8 0 0 32 32 4 2 2 4 2 4 
Step35=4 2 0 2 16 8 0 0 64 4 2 0 2 4 2 4 
Step36=4 4 0 0 16 2 0 0 64 8 0 2 2 8 4 4 
Step37=8 0 0 0 16 2 0 2 64 8 2 0 2 8 8 0 
Step38=8 0 4 0 16 0 0 0 64 2 2 0 2 16 8 2 
Step39=8 4 0 0 16 0 0 2 64 4 0 0 2 16 8 2 
Step4=0 4 0 0 4 0 0 0 0 0 0 0 8 4 0 0 
Step40=8 0 0 0 16 0 0 2 64 8 0 0 2 16 8 4 
Step41=8 0 0 2 16 2 0 0 64 8 0 0 2 16 8 4 
Step42=8 2 0 0 16 2 0 0 64 8 0 2 2 16 8 4 
Step43=8 4 8 2 16 8 0 4 64 16 4 0 2 0 0 0 
Step44=8 4 8 2 16 8 4 0 64 16 4 0 2 0 2 0 
Step45=8 0 2 0 16 4 8 0 64 8 8 0 2 16 2 2 
Step46=8 2 0 0 16 4 8 0 64 16 2 0 2 16 4 0 
Step47=8 0 0 4 16 2 8 0 64 4 2 0 2 32 4 0 
Step48=8 4 0 0 16 2 8 0 64 4 2 4 2 32 4 0 
Step49=8 4 0 0 16 2 8 0 64 4 2 4 2 32 4 4 
Step5=0 0 0 0 0 0 0 0 4 4 0 0 8 8 0 0 
Step50=8 4 0 2 16 2 8 0 64 4 2 4 2 32 8 0 
Step51=8 4 0 2 16 2 8 0 64 4 2 2 2 32 8 4 
Step52=8 4 2 0 16 2 8 0 64 4 4 2 2 32 8 4 
Step53=8 4 2 0 16 2 8 0 64 8 2 2 2 32 8 4 
Step54=8 4 2 0 16 2 8 4 64 8 4 0 2 32 8 4 
Step55=8 4 2 0 16 2 8 2 64 8 4 0 2 32 8 8 
Step6=0 0 0 0 0 0 0 0 8 0 4 0 16 0 0 0 
Step7=4 0 0 0 0 0 0 0 8 0 0 0 16 0 4 0 
Step8=4 0 0 0 0 0 2 0 8 0 0 0 16 4 0 0 
Step9=0 0 0 0 4 0 0 4 8 0 0 0 16 4 2 0 
TargetScore=67
WhetherWon=false
