#Sun May 19 18:41:19 CST 2024
BoardUnitLocationSet=03132333021222320111213100102030
Score0=0
Score1=0
Score10=24
Score11=48
Score12=52
Score13=72
Score14=112
Score15=120
Score16=136
Score17=136
Score18=144
Score19=144
Score2=0
Score20=152
Score21=160
Score22=168
Score23=184
Score24=192
Score25=224
Score26=296
Score27=312
Score28=312
Score29=316
Score3=0
Score30=320
Score31=328
Score32=344
Score33=344
Score34=344
Score35=344
Score36=376
Score37=388
Score38=396
Score39=396
Score4=0
Score40=404
Score41=420
Score42=424
Score43=432
Score44=432
Score45=440
Score46=456
Score47=492
Score48=496
Score49=568
Score5=8
Score50=700
Score6=8
Score7=16
Score8=16
Score9=24
Step0=2 0 0 4 0 0 0 0 0 0 0 0 0 0 0 0 
Step1=0 4 0 0 0 0 0 0 0 0 0 0 2 0 0 4 
Step10=2 4 4 8 8 8 2 0 2 0 0 0 0 0 2 0 
Step11=2 8 8 0 16 2 0 0 2 0 2 0 2 0 0 0 
Step12=0 0 0 0 2 0 0 0 16 8 8 0 4 2 2 4 
Step13=0 0 0 0 2 4 0 0 16 16 0 0 4 4 4 0 
Step14=0 0 0 0 2 4 0 0 32 0 0 0 8 4 4 0 
Step15=0 0 0 0 2 0 0 0 32 0 0 0 8 8 4 2 
Step16=0 0 0 0 2 0 0 0 32 0 0 0 16 4 2 4 
Step17=2 4 2 4 32 0 0 0 16 4 0 0 0 0 0 0 
Step18=0 2 0 0 2 0 0 0 32 0 0 0 16 8 2 4 
Step19=2 0 2 0 2 0 0 0 32 0 0 0 16 8 2 4 
Step2=4 0 0 2 0 0 0 0 0 0 0 0 2 4 0 0 
Step20=0 4 0 0 4 0 0 0 32 0 0 0 16 8 4 4 
Step21=4 0 0 4 4 0 0 0 32 0 0 0 16 8 8 0 
Step22=0 0 0 0 8 0 0 0 32 0 2 0 16 8 8 4 
Step23=0 0 4 0 8 0 0 0 32 2 0 0 16 16 4 0 
Step24=0 0 0 0 8 0 0 0 32 2 0 0 16 16 8 4 
Step25=0 0 0 0 8 0 0 0 32 2 4 0 32 8 4 0 
Step26=0 4 0 0 0 0 0 0 8 2 0 0 64 8 8 0 
Step27=4 0 0 0 0 0 0 0 8 2 2 0 64 16 0 0 
Step28=0 0 0 0 4 0 0 0 8 2 2 0 64 16 2 0 
Step29=0 0 0 0 4 0 2 0 8 4 0 0 64 16 2 0 
Step3=0 0 0 4 0 0 0 0 4 0 0 0 2 4 0 2 
Step30=0 0 0 0 4 4 0 0 8 4 0 0 64 16 4 0 
Step31=0 0 2 0 8 0 0 0 8 4 0 0 64 16 4 0 
Step32=0 0 0 0 0 0 2 0 16 4 2 0 64 16 4 0 
Step33=0 0 0 0 2 0 0 0 16 4 2 2 64 16 4 0 
Step34=0 0 0 0 2 0 0 0 16 4 2 4 64 16 4 2 
Step35=2 4 2 4 16 16 4 2 64 2 0 0 0 0 0 0 
Step36=2 4 2 4 32 4 2 0 64 2 4 0 0 0 0 0 
Step37=0 0 2 0 2 0 0 0 32 8 4 0 64 2 4 4 
Step38=0 0 0 0 2 0 4 0 32 8 2 0 64 2 8 4 
Step39=0 0 0 0 2 4 0 0 32 8 2 4 64 2 8 4 
Step4=4 0 0 0 0 0 0 0 4 0 4 0 2 4 2 0 
Step40=0 4 0 0 2 4 0 0 32 8 2 0 64 2 8 8 
Step41=4 0 0 0 2 4 2 0 32 8 2 0 64 2 16 0 
Step42=4 4 0 0 2 4 0 0 32 8 4 0 64 2 16 0 
Step43=8 0 0 0 2 4 0 0 32 8 4 0 64 2 16 2 
Step44=8 4 4 2 2 8 16 0 32 2 4 0 64 0 0 0 
Step45=8 8 2 2 2 8 16 0 32 2 4 0 64 0 0 0 
Step46=8 0 0 0 2 0 2 2 32 16 16 0 64 2 4 2 
Step47=8 0 0 0 4 2 0 0 32 32 0 2 64 2 4 2 
Step48=8 0 0 2 4 2 0 0 32 32 0 0 64 2 4 4 
Step49=8 2 4 0 4 2 0 0 64 0 0 0 64 2 8 0 
Step5=0 0 0 0 0 0 0 2 8 0 4 0 2 4 2 0 
Step50=4 0 0 0 8 0 0 0 4 2 4 0 128 4 8 0 
Step6=0 0 0 0 2 0 0 4 8 4 0 0 2 4 2 0 
Step7=0 0 0 0 2 0 4 0 8 0 0 0 2 8 2 4 
Step8=0 0 0 4 2 4 0 0 8 0 0 0 2 8 2 4 
Step9=0 0 0 0 2 0 4 0 8 4 0 0 2 8 2 8 
TargetScore=78
WhetherWon=true
