#Sun May 19 18:53:05 CST 2024
BoardUnitLocationSet=03132333021222320111213100102030
Score0=0
Score1=0
Score10=36
Score11=40
Score12=48
Score13=56
Score14=72
Score15=76
Score16=80
Score17=88
Score18=88
Score19=88
Score2=0
Score20=96
Score21=100
Score22=104
Score23=112
Score24=112
Score25=120
Score26=144
Score27=160
Score28=192
Score3=0
Score4=8
Score5=8
Score6=8
Score7=16
Score8=16
Score9=36
Step0=0 2 0 0 0 0 0 0 0 0 0 0 0 0 4 0 
Step1=0 0 0 0 0 4 0 0 0 0 0 0 0 2 4 0 
Step10=4 0 0 0 16 0 4 0 2 0 4 0 4 2 2 0 
Step11=4 0 0 0 16 4 0 0 2 4 0 0 4 4 0 2 
Step12=4 0 0 0 16 0 0 0 2 4 0 4 4 8 0 2 
Step13=4 0 0 0 16 0 0 0 2 8 0 0 4 8 2 2 
Step14=4 0 2 0 16 0 0 0 2 0 0 0 4 16 2 2 
Step15=4 2 0 0 16 0 0 0 2 2 0 0 4 16 4 0 
Step16=4 0 0 0 16 0 0 0 2 4 4 0 4 16 4 0 
Step17=4 0 0 0 16 0 0 2 2 4 0 0 4 16 8 0 
Step18=4 0 0 2 16 2 0 0 2 4 0 0 4 16 8 0 
Step19=4 0 0 4 16 2 0 0 2 4 0 0 4 16 8 2 
Step2=0 0 0 0 4 0 2 0 0 0 0 0 2 4 0 0 
Step20=8 0 0 0 16 2 0 0 2 4 0 2 4 16 8 2 
Step21=8 2 0 0 16 2 0 0 2 4 0 0 4 16 8 4 
Step22=8 0 0 0 16 4 0 4 2 4 0 0 4 16 8 4 
Step23=8 0 4 0 16 8 0 0 2 4 0 0 4 16 8 4 
Step24=8 0 0 0 16 8 0 4 2 4 4 0 4 16 8 4 
Step25=8 0 0 0 16 8 4 0 2 8 0 4 4 16 8 4 
Step26=8 4 0 0 16 0 0 0 2 16 4 0 4 16 8 8 
Step27=8 4 0 0 16 0 0 4 2 16 4 0 4 16 16 0 
Step28=8 0 0 2 16 0 0 0 2 4 4 0 4 32 16 4 
Step3=0 0 0 0 0 0 0 0 4 0 4 0 2 4 2 0 
Step4=0 0 0 0 0 0 0 4 8 0 0 0 2 4 2 0 
Step5=0 0 0 0 0 2 0 0 8 0 0 0 2 4 2 4 
Step6=0 0 0 0 2 4 0 0 8 0 0 0 2 4 2 4 
Step7=0 0 0 0 2 0 0 0 8 2 0 0 2 8 2 4 
Step8=2 2 2 4 8 8 0 0 2 0 0 0 4 0 0 0 
Step9=4 2 4 0 16 0 0 0 2 0 2 0 4 0 0 0 
TargetScore=25
WhetherWon=true
