#Tue May 28 15:17:24 CST 2024
BoardUnitLocationSet=00010203101112132021222330313233
CurrentStepNumber=36
LastModifiedTime=1c77589d4e092ed45e2f52fd7950a27283fef2c5f6c166fa69ec20c500080011
Score0=0
Score1=0
Score10=44
Score11=52
Score12=52
Score13=52
Score14=60
Score15=80
Score16=88
Score17=120
Score18=120
Score19=128
Score2=8
Score20=128
Score21=132
Score22=136
Score23=152
Score24=176
Score25=192
Score26=196
Score27=196
Score28=200
Score29=208
Score3=8
Score30=208
Score31=208
Score32=268
Score33=332
Score34=356
Score35=356
Score36=364
Score4=8
Score5=12
Score6=20
Score7=28
Score8=44
Score9=44
Step0=0 2 0 0 0 0 0 4 0 0 0 0 0 0 0 0 
Step1=2 0 0 0 4 0 0 0 0 0 0 0 4 0 0 0 
Step10=16 4 2 4 8 0 0 0 0 0 0 0 4 0 0 4 
Step11=16 4 2 8 8 0 0 2 4 0 0 0 0 0 0 0 
Step12=16 4 2 8 8 2 0 0 4 0 4 0 0 0 0 0 
Step13=16 4 2 8 8 2 4 0 4 0 0 4 0 0 0 0 
Step14=16 4 2 8 8 2 4 0 8 2 0 0 0 0 0 0 
Step15=16 4 2 8 16 4 4 4 0 0 0 0 0 0 0 0 
Step16=16 4 2 8 16 8 4 0 0 0 0 0 0 0 2 0 
Step17=32 4 2 8 0 8 4 0 0 0 2 0 0 0 4 0 
Step18=32 4 2 8 8 4 0 0 2 0 4 0 4 0 0 0 
Step19=32 8 2 8 8 0 4 2 2 0 0 0 4 0 0 0 
Step2=2 0 0 0 8 0 0 0 0 4 0 0 0 0 0 0 
Step20=32 8 2 8 8 4 2 0 2 0 0 0 4 2 0 0 
Step21=32 8 4 8 8 4 0 0 2 2 0 4 4 0 0 0 
Step22=32 8 4 8 8 4 0 0 4 4 0 0 4 4 0 0 
Step23=32 8 4 8 8 8 0 0 8 4 0 4 0 0 0 0 
Step24=32 8 4 8 16 0 0 0 8 8 0 2 0 0 0 0 
Step25=32 16 4 8 16 0 2 2 8 0 0 0 0 0 0 0 
Step26=32 16 4 8 16 4 0 0 8 0 0 0 0 2 0 0 
Step27=32 16 4 8 16 4 0 0 8 2 0 2 0 0 0 0 
Step28=32 16 4 8 16 4 0 0 8 4 0 4 0 0 0 0 
Step29=32 16 4 8 16 8 0 4 8 0 0 0 2 0 0 0 
Step3=2 0 0 0 8 0 0 0 4 0 0 2 0 0 0 0 
Step30=32 4 0 0 16 0 0 0 8 16 0 8 2 8 4 4 
Step31=32 4 4 8 16 16 0 4 8 8 0 0 2 2 0 0 
Step32=32 8 8 0 32 4 0 0 16 2 0 0 4 0 0 0 
Step33=64 8 8 0 16 4 0 4 4 2 0 0 0 0 0 0 
Step34=64 16 0 4 16 8 0 0 4 2 0 0 0 0 0 0 
Step35=64 16 4 0 16 8 4 0 4 2 0 0 0 0 0 0 
Step36=64 16 8 2 16 8 0 0 4 2 0 0 0 0 0 0 
Step4=2 0 0 2 8 0 0 0 4 0 0 0 0 0 0 4 
Step5=4 0 0 0 8 0 0 0 4 0 4 0 4 0 0 0 
Step6=4 0 4 0 8 4 0 0 8 0 0 0 0 0 0 0 
Step7=8 0 0 0 8 4 2 0 8 0 0 0 0 0 0 0 
Step8=16 4 2 4 8 0 0 0 0 0 0 0 0 0 0 0 
Step9=16 4 2 4 0 0 0 8 0 0 0 0 4 0 0 0 
TargetScore=2048
WhetherWon=false
