#Wed May 22 16:16:37 CST 2024
BoardUnitLocationSet=00010203101112132021222330313233
CurrentStepNumber=32
Score0=0
Score1=0
Score10=52
Score11=60
Score12=68
Score13=84
Score14=116
Score15=116
Score16=116
Score17=120
Score18=128
Score19=128
Score2=0
Score20=128
Score21=132
Score22=140
Score23=140
Score24=156
Score25=164
Score26=176
Score27=192
Score28=200
Score29=216
Score3=4
Score30=248
Score31=312
Score32=320
Score4=12
Score5=12
Score6=20
Score7=24
Score8=40
Score9=48
Step0=0 0 0 0 0 0 0 0 0 0 0 0 2 4 0 0 
Step1=0 0 0 0 0 0 0 0 2 0 0 0 0 0 2 4 
Step10=0 0 8 16 0 0 4 4 0 0 0 0 0 4 0 0 
Step11=0 0 8 16 0 0 0 8 0 0 0 0 4 0 0 4 
Step12=0 2 8 16 0 0 0 8 0 0 0 0 0 0 0 8 
Step13=0 2 8 16 0 0 4 16 0 0 0 0 0 0 0 0 
Step14=0 2 8 32 0 0 4 0 0 0 0 2 0 0 0 0 
Step15=0 2 8 32 0 0 4 2 0 0 0 0 0 0 2 0 
Step16=0 2 8 32 0 0 4 2 0 0 0 2 0 0 0 2 
Step17=4 2 8 32 0 0 4 4 0 0 0 2 0 0 0 0 
Step18=4 2 8 32 0 0 0 8 0 0 0 2 0 0 2 0 
Step19=4 2 8 32 0 0 2 8 0 0 0 2 0 0 0 4 
Step2=2 2 2 4 0 0 0 0 0 0 0 0 0 0 0 0 
Step20=4 2 8 32 2 8 0 0 2 4 0 0 4 0 0 0 
Step21=4 2 8 32 4 8 0 4 4 4 0 0 0 0 0 0 
Step22=8 2 8 32 4 8 0 4 0 4 2 0 0 0 0 0 
Step23=8 2 8 32 2 4 8 4 0 0 4 2 0 0 0 0 
Step24=8 2 16 32 2 4 4 4 0 0 0 2 0 4 0 0 
Step25=8 2 16 32 0 2 4 8 0 0 0 2 0 0 4 4 
Step26=8 4 16 32 0 0 8 8 0 0 0 2 2 0 0 4 
Step27=8 4 16 32 0 4 0 16 0 0 0 2 0 0 2 4 
Step28=8 8 16 32 0 0 2 16 0 0 0 2 2 0 0 4 
Step29=4 16 16 32 0 0 2 16 0 0 0 2 0 0 2 4 
Step3=0 2 4 4 0 0 0 0 4 0 0 0 0 0 0 0 
Step30=0 4 32 32 0 0 2 16 0 0 0 2 4 0 2 4 
Step31=0 0 4 64 0 0 2 16 0 0 0 2 4 4 2 4 
Step32=0 0 4 64 2 0 2 16 0 0 0 2 0 8 2 4 
Step4=0 0 2 8 4 0 0 0 0 0 0 4 0 0 0 0 
Step5=0 0 2 8 0 0 0 4 2 0 0 4 0 0 0 0 
Step6=2 0 2 8 0 0 0 8 0 0 0 0 0 0 2 0 
Step7=0 0 4 8 0 0 0 8 0 4 0 0 0 0 0 2 
Step8=0 4 4 16 0 0 0 2 0 0 2 0 0 0 0 0 
Step9=0 0 8 16 0 0 0 2 0 0 4 2 0 0 0 0 
TargetScore=2048
WhetherWon=false
